   9.99999975E-05  0.179716542    
   1.25892519E-04  0.226157457    
   1.58489245E-04  0.284569263    
   1.99526316E-04  0.358020633    
   2.51188700E-04  0.450355381    
   3.16227757E-04  0.566384912    
   3.98107077E-04  0.712121010    
   5.01186994E-04  0.895061076    
   6.30957657E-04   1.12453222    
   7.94328400E-04   1.41209900    
   9.99999931E-04   1.77204967    
   1.25892507E-03   2.22194433    
   1.58489251E-03   2.78323054    
   1.99526316E-03   3.48189497    
   2.51188711E-03   4.34908724    
   3.16227786E-03   5.42167616    
   3.98107059E-03   6.74254322    
   5.01187006E-03   8.36045933    
   6.30957633E-03   10.3292685    
   7.94328470E-03   12.7059984    
   9.99999978E-03   15.5476847    
   1.25892572E-02   18.9064350    
   1.58489328E-02   22.8227711    
   1.99526213E-02   27.3175945    
   2.51188707E-02   32.3836670    
   3.16227749E-02   37.9781723    
   3.98107320E-02   44.0186882    
   5.01187295E-02   50.3841858    
   6.30957261E-02   56.9227448    
   7.94328377E-02   63.4649277    
  0.100000001       69.8408813    
  0.125892594       75.8976517    
  0.158489332       81.5127258    
  0.199526206       86.6019821    
  0.251188695       91.1210556    
  0.316227764       95.0613098    
  0.398107290       98.4426498    
  0.501187265       101.304955    
  0.630957246       103.699989    
  0.794328392       105.684677    
   1.00000000       107.316162    
   1.25892520       108.648430    
   1.58489418       109.730484    
   1.99526322       110.605476    
   2.51188707       111.310524    
   3.16227746       111.876999    
   3.98107100       112.331093    
   5.01187563       112.694412    
   6.30957651       112.984703    
   7.94328356       113.216354    
   10.0000000       113.401024    
