  1.0000000e-005  1.7994600e-002
  1.0715200e-005  1.9281200e-002
  1.1481500e-005  2.0659800e-002
  1.2302700e-005  2.2136900e-002
  1.3182600e-005  2.3719600e-002
  1.4125400e-005  2.5415400e-002
  1.5135600e-005  2.7232400e-002
  1.6218100e-005  2.9179300e-002
  1.7378000e-005  3.1265300e-002
  1.8620900e-005  3.3500300e-002
  1.9952600e-005  3.5895000e-002
  2.1379600e-005  3.8460800e-002
  2.2908700e-005  4.1209800e-002
  2.4547100e-005  4.4155000e-002
  2.6302700e-005  4.7310500e-002
  2.8183800e-005  5.0691300e-002
  3.0199500e-005  5.4313500e-002
  3.2359400e-005  5.8194300e-002
  3.4673700e-005  6.2352100e-002
  3.7153500e-005  6.6806600e-002
  3.9810700e-005  7.1579100e-002
  4.2658000e-005  7.6692000e-002
  4.5708800e-005  8.2169600e-002
  4.8977900e-005  8.8038800e-002
  5.2480700e-005  9.4326600e-002
  5.6234100e-005  1.0106300e-001
  6.0256000e-005  1.0828000e-001
  6.4565400e-005  1.1601100e-001
  6.9183100e-005  1.2429300e-001
  7.4131000e-005  1.3316500e-001
  7.9432800e-005  1.4266900e-001
  8.5113800e-005  1.5285000e-001
  9.1201100e-005  1.6375600e-001
  9.7723700e-005  1.7543800e-001
  1.0471300e-004  1.8794900e-001
  1.1220200e-004  2.0134900e-001
  1.2022600e-004  2.1570100e-001
  1.2882500e-004  2.3107200e-001
  1.3803800e-004  2.4753500e-001
  1.4791100e-004  2.6516500e-001
  1.5848900e-004  2.8404500e-001
  1.6982400e-004  3.0426400e-001
  1.8197000e-004  3.2591400e-001
  1.9498400e-004  3.4909600e-001
  2.0893000e-004  3.7391800e-001
  2.2387200e-004  4.0049500e-001
  2.3988300e-004  4.2895100e-001
  2.5704000e-004  4.5941500e-001
  2.7542300e-004  4.9202600e-001
  2.9512100e-004  5.2693300e-001
  3.1622800e-004  5.6429500e-001
  3.3884400e-004  6.0428200e-001
  3.6307800e-004  6.4707300e-001
  3.8904500e-004  6.9286300e-001
  4.1686900e-004  7.4185700e-001
  4.4668400e-004  7.9427200e-001
  4.7863000e-004  8.5034000e-001
  5.1286100e-004  9.1030800e-001
  5.4954100e-004  9.7444100e-001
  5.8884400e-004  1.0430200e+000
  6.3095700e-004  1.1163400e+000
  6.7608300e-004  1.1947200e+000
  7.2443600e-004  1.2784900e+000
  7.7624700e-004  1.3680100e+000
  8.3176400e-004  1.4636600e+000
  8.9125100e-004  1.5658300e+000
  9.5499300e-004  1.6749400e+000
  1.0232900e-003  1.7914500e+000
  1.0964800e-003  1.9158100e+000
  1.1749000e-003  2.0485300e+000
  1.2589300e-003  2.1901300e+000
  1.3489600e-003  2.3411600e+000
  1.4454400e-003  2.5021900e+000
  1.5488200e-003  2.6738200e+000
  1.6595900e-003  2.8566900e+000
  1.7782800e-003  3.0514600e+000
  1.9054600e-003  3.2588200e+000
  2.0417400e-003  3.4794800e+000
  2.1877600e-003  3.7141900e+000
  2.3442300e-003  3.9637300e+000
  2.5118900e-003  4.2288900e+000
  2.6915300e-003  4.5104800e+000
  2.8840300e-003  4.8093500e+000
  3.0903000e-003  5.1263600e+000
  3.3113100e-003  5.4623800e+000
  3.5481300e-003  5.8183100e+000
  3.8018900e-003  6.1950200e+000
  4.0738000e-003  6.5934300e+000
  4.3651600e-003  7.0144300e+000
  4.6773500e-003  7.4589000e+000
  5.0118700e-003  7.9277200e+000
  5.3703200e-003  8.4217200e+000
  5.7544000e-003  8.9417200e+000
  6.1659500e-003  9.4884800e+000
  6.6069300e-003  1.0062700e+001
  7.0794600e-003  1.0665100e+001
  7.5857800e-003  1.1296200e+001
  8.1283000e-003  1.1956400e+001
  8.7096400e-003  1.2646200e+001
  9.3325400e-003  1.3365900e+001
  1.0000000e-002  1.4115600e+001
  1.0715200e-002  1.4895200e+001
  1.1481500e-002  1.5704800e+001
  1.2302700e-002  1.6543900e+001
  1.3182600e-002  1.7412100e+001
  1.4125400e-002  1.8308800e+001
  1.5135600e-002  1.9233200e+001
  1.6218100e-002  2.0184300e+001
  1.7378000e-002  2.1160900e+001
  1.8620900e-002  2.2161500e+001
  1.9952600e-002  2.3184700e+001
  2.1379600e-002  2.4228600e+001
  2.2908700e-002  2.5291400e+001
  2.4547100e-002  2.6370900e+001
  2.6302700e-002  2.7464900e+001
  2.8183800e-002  2.8571100e+001
  3.0199500e-002  2.9686900e+001
  3.2359400e-002  3.0809900e+001
  3.4673700e-002  3.1937400e+001
  3.7153500e-002  3.3066700e+001
  3.9810700e-002  3.4195200e+001
  4.2658000e-002  3.5320100e+001
  4.5708800e-002  3.6438700e+001
  4.8977900e-002  3.7548500e+001
  5.2480700e-002  3.8646800e+001
  5.6234100e-002  3.9731400e+001
  6.0256000e-002  4.0800100e+001
  6.4565400e-002  4.1850600e+001
  6.9183100e-002  4.2881000e+001
  7.4131000e-002  4.3889400e+001
  7.9432800e-002  4.4874300e+001
  8.5113800e-002  4.5834200e+001
  9.1201100e-002  4.6767900e+001
  9.7723700e-002  4.7674100e+001
  1.0471300e-001  4.8552200e+001
  1.1220200e-001  4.9401300e+001
  1.2022600e-001  5.0221000e+001
  1.2882500e-001  5.1010800e+001
  1.3803800e-001  5.1770800e+001
  1.4791100e-001  5.2500700e+001
  1.5848900e-001  5.3200700e+001
  1.6982400e-001  5.3871000e+001
  1.8197000e-001  5.4512000e+001
  1.9498400e-001  5.5124200e+001
  2.0893000e-001  5.5708000e+001
  2.2387200e-001  5.6264700e+001
  2.3988300e-001  5.6794900e+001
  2.5704000e-001  5.7298800e+001
  2.7542300e-001  5.7777200e+001
  2.9512100e-001  5.8230900e+001
  3.1622800e-001  5.8660800e+001
  3.3884400e-001  5.9067800e+001
  3.6307800e-001  5.9452700e+001
  3.8904500e-001  5.9816600e+001
  4.1686900e-001  6.0160100e+001
  4.4668400e-001  6.0484300e+001
  4.7863000e-001  6.0793400e+001
  5.1286100e-001  6.1088800e+001
  5.4954100e-001  6.1367100e+001
  5.8884400e-001  6.1629200e+001
  6.3095700e-001  6.1875700e+001
  6.7608300e-001  6.2107600e+001
  7.2443600e-001  6.2325600e+001
  7.7624700e-001  6.2530400e+001
  8.3176400e-001  6.2722800e+001
  8.9125100e-001  6.2903400e+001
  9.5499300e-001  6.3072900e+001
  1.0232900e+000  6.3229800e+001
  1.0964800e+000  6.3372900e+001
  1.1749000e+000  6.3507100e+001
  1.2589300e+000  6.3632800e+001
  1.3489600e+000  6.3750600e+001
  1.4454400e+000  6.3860900e+001
  1.5488200e+000  6.3964200e+001
  1.6595900e+000  6.4060900e+001
  1.7782800e+000  6.4151400e+001
  1.9054600e+000  6.4236100e+001
  2.0417400e+000  6.4315400e+001
  2.1877600e+000  6.4395800e+001
  2.3442300e+000  6.4492300e+001
  2.5118900e+000  6.4582600e+001
  2.6915300e+000  6.4667100e+001
  2.8840300e+000  6.4746200e+001
  3.0903000e+000  6.4820200e+001
  3.3113100e+000  6.4889300e+001
  3.5481300e+000  6.4954000e+001
  3.8018900e+000  6.5014500e+001
  4.0738000e+000  6.5071100e+001
  4.3651600e+000  6.5124000e+001
  4.6773500e+000  6.5162800e+001
  5.0118700e+000  6.5117100e+001
  5.3703200e+000  6.5074500e+001
  5.7544000e+000  6.5034700e+001
  6.1659500e+000  6.4997700e+001
  6.6069300e+000  6.4963200e+001
  7.0794600e+000  6.4931000e+001
  7.5857800e+000  6.4901100e+001
  8.1283000e+000  6.4873100e+001
  8.7096400e+000  6.4847000e+001
  9.3325400e+000  6.4822700e+001
  1.0000000e+001  6.4800000e+001
