  1.0000000e-005  1.7994600e-002
  1.3182600e-005  2.3719600e-002
  1.7378000e-005  3.1265300e-002
  2.2908700e-005  4.1209800e-002
  3.0199500e-005  5.4313500e-002
  3.9810700e-005  7.1579100e-002
  5.2480700e-005  9.4326600e-002
  6.9183100e-005  1.2429300e-001
  9.1201100e-005  1.6375600e-001
  1.2022600e-004  2.1570100e-001
  1.5848900e-004  2.8404500e-001
  2.0893000e-004  3.7391800e-001
  2.7542300e-004  4.9202600e-001
  3.6307800e-004  6.4707300e-001
  4.7863000e-004  8.5034000e-001
  6.3095700e-004  1.1163400e+000
  8.3176400e-004  1.4636600e+000
  1.0964800e-003  1.9158100e+000
  1.4454400e-003  2.5021900e+000
  1.9054600e-003  3.2588200e+000
  2.5118900e-003  4.2288900e+000
  3.3113100e-003  5.4623800e+000
  4.3651600e-003  7.0144300e+000
  5.7544000e-003  8.9417200e+000
  7.5857800e-003  1.1296200e+001
  1.0000000e-002  1.4115600e+001
  1.3182600e-002  1.7412100e+001
  1.7378000e-002  2.1160900e+001
  2.2908700e-002  2.5291400e+001
  3.0199500e-002  2.9686900e+001
  3.9810700e-002  3.4195200e+001
  5.2480700e-002  3.8646800e+001
  6.9183100e-002  4.2881000e+001
  9.1201100e-002  4.6767900e+001
  1.2022600e-001  5.0221000e+001
  1.5848900e-001  5.3200700e+001
  2.0893000e-001  5.5708000e+001
  2.7542300e-001  5.7777200e+001
  3.6307800e-001  5.9452700e+001
  4.7863000e-001  6.0793400e+001
  6.3095700e-001  6.1875700e+001
  8.3176400e-001  6.2722800e+001
  1.0964800e+000  6.3372900e+001
  1.4454400e+000  6.3860900e+001
  1.9054600e+000  6.4236100e+001
  2.5118900e+000  6.4582600e+001
  3.3113100e+000  6.4889300e+001
  4.3651600e+000  6.5124000e+001
  5.7544000e+000  6.6124000e+001
  7.5857800e+000  6.6901100e+001
  1.0000000e+001  6.7500000e+001