0
1.88412478714216e-08
7.52653731924269e-08
1.68974107897659e-07
2.99472291505234e-07
4.66070789765589e-07
6.67890559241221e-07
9.03867836416156e-07
1.17276042400090e-06
1.47315504130042e-06
1.80347569987808e-06
2.16199306030558e-06
2.54683472056405e-06
2.95599638168172e-06
3.38735383148261e-06
3.83867568290256e-06
4.30763679922589e-06
4.79183233482856e-06
5.28879231660034e-06
5.79599668817788e-06
6.31089073646670e-06
6.83090081767818e-06
7.35345029826827e-06
7.87597562474840e-06
8.39594243535388e-06
8.91086162600577e-06
9.41830528289399e-06
9.91592239434200e-06
1.04014542553884e-05
1.08727494797330e-05
1.13277785353427e-05
1.17646477220838e-05
1.21816125122435e-05
1.25770901776956e-05
1.29496716307636e-05
1.32981324095036e-05
1.36214427421634e-05
1.39187766299523e-05
1.41895198919596e-05
1.44332771210607e-05
1.46498775049340e-05
1.48393794718464e-05
1.50020741266301e-05
1.51384874482358e-05
1.52493812263875e-05
1.53357527211398e-05
1.53988330355356e-05
1.54400841980346e-05
1.54611949579150e-05
1.54640753033932e-05
1.54508497187474e-05
1.54238492032216e-05
1.53856020809061e-05
1.53388236371033e-05
1.52864046228608e-05
1.52313986753666e-05
1.51770087077046e-05
1.51265723270599e-05
1.50835463457886e-05
1.50514904548160e-05
1.50340501335710e-05
1.50349388750718e-05
1.50579198088359e-05
1.51067868079662e-05
1.51853451700509e-05
1.52973919643864e-05
1.54466961404751e-05
1.56369784947476e-05
1.58718915940055e-05
1.61549997551568e-05
1.64897591814229e-05
1.68794983553215e-05
1.73273987883741e-05
1.78364762266484e-05
1.84095624099240e-05
1.90492874804660e-05
1.97580631351233e-05
2.05380666117213e-05
2.13912255975284e-05
2.23192041439348e-05
2.33233896674148e-05
2.44048811123622e-05
2.55644783465172e-05
2.68026728544496e-05
2.81196397889701e-05
2.95152314344075e-05
3.09889721294660e-05
3.25400546908692e-05
3.41673383722491e-05
3.58693483857726e-05
3.76442770068452e-05
3.94899862749279e-05
4.14040122960812e-05
4.33835711453336e-05
4.54255663594177e-05
4.75265980028284e-05
4.96829732826034e-05
5.18907186797123e-05
5.41455935575219e-05
5.64431052005086e-05
5.87785252292473e-05
6.11469073307591e-05
6.35431062365787e-05
6.59617978744355e-05
6.83975006132680e-05
7.08445975154364e-05
7.32973595044906e-05
7.57499693517206e-05
7.81965463799927e-05
8.06311717790727e-05
8.30479144227903e-05
8.54408570750218e-05
8.78041228685804e-05
9.01319019387232e-05
9.24184780911251e-05
9.46582553828438e-05
9.68457844940200e-05
9.89757887678227e-05
0.000101043189796479
0.000103043132432108
0.000104971009102526
0.000106822483314182
0.000108593512226942
0.000110280368188533
0.000111879659120078
0.000113388347648318
0.000114803768884762
0.000116123646757160
0.000117346108804307
0.000118469699351248
0.000119493390988458
0.000120416594285428
0.000121239165676382
0.000121961413463419
0.000122584101890294
0.000123108453248236
0.000123536147983612
0.000123869322785902
0.000124110566643212
0.000124262914861513
0.000124329841052800
0.000124315247106429
0.000124223451167006
0.000124059173651213
0.000123827521344992
0.000123533969631349
0.000123184342907798
0.000122784793260990
0.000122341777474393
0.000121862032452931
0.000121352549156242
0.000120820545139612
0.000120273435808657
0.000119718804500471
0.000119164371510100
0.000118617962186934
0.000118087474230785
0.000117580844322125
0.000117106014225044
0.000116670896505077
0.000116283340006963
0.000115951095239791
0.000115681779818651
0.000115482844113047
0.000115361537252713
0.000115324873641277
0.000115379600127344
0.000115532163981005
0.000115788681821622
0.000116154909639854
0.000116636214053422
0.000117237544931986
0.000117963409521745
0.000118817848195034
0.000119804411944253
0.000120926141732964
0.000122185549809947
0.000123584603084454
0.000125124708652873
0.000126806701558503
0.000128630834857258
0.000130596772052787
0.000132703581954906
0.000134949736005236
0.000137333108103775
0.000139850976959663
0.000142500030978793
0.000145276375690151
0.000148175543701959
0.000151192507167751
0.000154321692731654
0.000157556998911321
0.000160891815866164
0.000164319047487989
0.000167831135740686
0.000171420087165451
0.000175077501458139
0.000178794602015744
0.000182562268339813
0.000186371070175802
0.000190211303259031
0.000194073026530039
0.000197946100674820
0.000201820227838623
0.000205684992355871
0.000209529902333146
0.000213344431917342
0.000217118064076826
0.000220840333719952
0.000224500870972471
0.000228089444433296
0.000231596004226807
0.000235010724669287
0.000238324046367345
0.000241526717567131
0.000244609834574953
0.000247564881072417
0.000250383766152531
0.000253058860907284
0.000255583033401996
0.000257949681877298
0.000260152766025853
0.000262186836197837
0.000264047060396852
0.000265729248936149
0.000267229876633906
0.000268546102435727
0.000269675786362479
0.000270617503692065
0.000271370556294608
0.000271934981051907
0.000272311555303664
0.000272501799275065
0.000272507975452545
0.000272333084887119
0.000271980860417346
0.000271455756816806
0.000270762937883840
0.000269908260504232
0.000268898255730320
0.000267740106932824
0.000266441625094251
0.000265011221325179
0.000263457876696847
0.000261791109495316
0.000260020940013977
0.000258157853012203
0.000256212757978595
0.000254196947347336
0.000252122052825738
0.000250000000000000
0.000247842961394519
0.000245663308167721
0.000243473560634307
0.000241286337809984
0.000239114306180139
0.000236970127898535
0.000234866408625833
0.000232815645220704
0.000230830173498313
0.000228922116272142
0.000227103331895398
0.000225385363517618
0.000223779389270584
0.000222296173595236
0.000220946019917944
0.000219738724880319
0.000218683534321656
0.000217789101207184
0.000217063445688492
0.000216513917474971
0.000216147160686665
0.000215969081349848
0.000215984817686753
0.000216198713340319
0.000216614293663663
0.000217234245192131
0.000218060398403450
0.000219093713858604
0.000220334271802719
0.000221781265291504
0.000223432996894657
0.000225286879013274
0.000227339437833626
0.000229586320924853
0.000232022308473171
0.000234641328130186
0.000237436473437881
0.000240400025777934
0.000243523479778166
0.000246797572094340
0.000250212313471091
0.000253757023971776
0.000257420371253260
0.000261190411748450
0.000265054634606576
0.000269000008228984
0.000273013029226580
0.000277079773614067
0.000281185950045796
0.000285316954888546
0.000289457928917743
0.000293593815415697
0.000297709419443376
0.000301789468051054
0.000305818671187910
0.000309781783066388
0.000313663663733791
0.000317449340601302
0.000321124069679289
0.000324673396267491
0.000328083214849448
0.000331339827942301
0.000334430003655926
0.000337341031719203
0.000340060777736076
0.000342577735439937
0.000344881076721691
0.000346960699214667
0.000348807271228287
0.000350412273832016
0.000351768039901651
0.000352867789951299
0.000353705664586547
0.000354276753427162
0.000354577120361220
0.000354603825006739
0.000354354940271680
0.000353829565918467
0.000353027838054957
0.000351950934489955
0.000350601075907886
0.000348981522834026
0.000347096568378697
0.000344951526765942
0.000342552717669443
0.000339907446395600
0.000337023979970866
0.000333911519207385
0.000330580166837804
0.000327040891826573
0.000323305489981243
0.000319386541002970
0.000315297362130682
0.000311051958548065
0.000306664970736595
0.000302151618971244
0.000297527645168181
0.000292809252305656
0.000288013041650296
0.000283155948031232
0.000278255173413646
0.000273328119031622
0.000268392316347364
0.000263465357110062
0.000258564822792749
0.000253708213689488
0.000248912877958096
0.000244195940895312
0.000239574234731854
0.000235064229234226
0.000230681963398320
0.000226442978516907
0.000222362252899012
0.000218454138513864
0.000214732299825747
0.000211209655078503
0.000207898320279898
0.000204809556126309
0.000201953718097572
0.000199340209940081
0.000196977440743650
0.000194872785804087
0.000193032551449083
0.000191461943989838
0.000190165042944955
0.000189144778666561
0.000188402914481428
0.000187940033442151
0.000187755529765255
0.000187847605014470
0.000188213269068557
0.000188848345893827
0.000189747484122204
0.000190904172416198
0.000192310759582735
0.000193958479378350
0.000195837479929023
0.000197936857668878
0.000200244695683243
0.000202748106323176
0.000205433277940674
0.000208285525576380
0.000211289345414814
0.000214428472806039
0.000217685943637305
0.000221044158823607
0.000224484951672436
0.000227989657865174
0.000231539187785823
0.000235114100916989
0.000238694682013350
0.000242261018754322
0.000245793080570230
0.000249270798330130
0.000252674144574484
0.000255983213972200
0.000259178303679168
0.000262239993274282
0.000265149223949174
0.000267887376629372
0.000270436348707410
0.000272778629072578
0.000274897371127362
0.000276776463487379
0.000278400598069525
0.000279755335282244
0.000280827166042226
0.000281603570353345
0.000282073072196350
0.000282225290491513
0.000282050985911233
0.000281542103335272
0.000280691809757970
0.000279494527474228
0.000277945962389307
0.000276043127316443
0.000273784360145867
0.000271169336788975
0.000268199078821968
0.000264875955774365
0.000261203682029056
0.000257187308322163
0.000252833207852638
0.000248149057033305
0.000243143810936750
0.000237827673511069
0.000232212062661854
0.000226309570317902
0.000220133917618830
0.000213699905382996
0.000207023360033852
0.000200121075181849
0.000193010749077393
0.000185710918167885
0.000178240887008525
0.000170620654792357
0.000162870838779723
0.000155012594920992
0.000147067535978964
0.000139057647468727
0.000131005201742837
0.000122932670558607
0.000114862636471740
0.000106817703406800
9.88204067597290e-05
9.08931233910576e-05
8.30579818703641e-05
7.53367733330558e-05
6.77508633096006e-05
6.03211048849258e-05
5.30677535418537e-05
4.60103840371498e-05
3.91678096520386e-05
3.25580041509195e-05
2.61980267725220e-05
2.01039505668897e-05
1.42907943794378e-05
8.77245876992309e-06
3.56166613953551e-06
-1.33009467645396e-06
-5.89261910993546e-06
-1.01170326324580e-05
-1.39958313952266e-05
-1.75229175526255e-05
-2.06936291058903e-05
-2.35047641248911e-05
-2.59545992279769e-05
-2.80429022224057e-05
-2.97709388309195e-05
-3.11414734534686e-05
-3.21587639368174e-05
-3.28285503487061e-05
-3.31580377772867e-05
-3.31558732006072e-05
-3.28321164948906e-05
-3.21982056741457e-05
-3.12669164771528e-05
-3.00523164410087e-05
-2.85697136230774e-05
-2.68356001552988e-05
-2.48675908362635e-05
-2.26843569871623e-05
-2.03055558176089e-05
-1.77517555662988e-05
-1.50443566994466e-05
-1.22055094668580e-05
-9.25802813126304e-06
-6.22530220109504e-06
-3.13120501021156e-06
-6.12323399573677e-20
3.14375493009204e-06
6.27530462841295e-06
9.36979507047334e-06
1.24023725227750e-05
1.53482830974151e-05
1.81829723007027e-05
2.08821841775409e-05
2.34220596534114e-05
2.57792336775113e-05
2.79309307738827e-05
2.98550586122546e-05
3.15302992167963e-05
3.29361974389718e-05
3.40532463302693e-05
3.48629690615846e-05
3.53479970485812e-05
3.54921439562260e-05
3.52804752710161e-05
3.46993731459632e-05
3.37365962412577e-05
3.23813343025242e-05
3.06242572386939e-05
2.84575584826664e-05
2.58749924400062e-05
2.28719058538789e-05
1.94452629381454e-05
1.55936641549352e-05
1.13173585380037e-05
6.61824948865348e-06
1.49989399685208e-06
-4.03250473367455e-06
-9.97211125128025e-06
-1.63104783816707e-05
-2.30375742547620e-05
-3.01418157490311e-05
-3.76101082433037e-05
-4.54278915402698e-05
-5.35791918008370e-05
-6.20466793038162e-05
-7.08117318214345e-05
-7.98545033779827e-05
-8.91539981364980e-05
-9.86881491369971e-05
-0.000108433901589332
-0.000118367300404511
-0.000128463581630205
-0.000138697267439387
-0.000149042264305568
-0.000159471963984074
-0.000169959346906222
-0.000180477087582203
-0.000190997661599079
-0.000201493453792365
-0.000211936867163601
-0.000222300432111756
-0.000232556915543568
-0.000242679429426881
-0.000252641538351745
-0.000262417365666493
-0.000271981697760177
-0.000281310086068709
-0.000290378946389637
-0.000299165655099825
-0.000307648641881292
-0.000315807478573020
-0.000323622963780762
-0.000331077202892484
-0.000338153683164326
-0.000344837343560401
-0.000351114639049739
-0.000356973599084718
-0.000362403880007696
-0.000367396811155930
-0.000371945434459244
-0.000376044537350240
-0.000379690678832914
-0.000382882208582384
-0.000385619278975798
-0.000387903849982432
-0.000389739686869233
-0.000391132350706633
-0.000392089181688150
-0.000392619275306038
-0.000392733451453920
-0.000392444216555836
-0.000391765718849285
-0.000390713696977630
-0.000389305422074456
-0.000387559633549062
-0.000385496468808120
-0.000383137387173501
-0.000380505088280331
-0.000377623425262277
-0.000374517313052924
-0.000371212632152637
-0.000367736128229597
-0.000364115307941507
-0.000360378331380807
-0.000356553901561089
-0.000352671151375484
-0.000348759528469374
-0.000344848678479484
-0.000340968327099444
-0.000337148161438027
-0.000333417711140682
-0.000329806229747360
-0.000326342576760284
-0.000323055100893978
-0.000319971524976651
-0.000317118832967019
-0.000314523159543603
-0.000312209682714829
-0.000310202519887574
-0.000308524627819448
-0.000307197706865928
-0.000306242109917651
-0.000305676756405744
-0.000305519051733993
-0.000305784812476212
-0.000306488197655188
-0.000307641646396367
-0.000309255822224916
-0.000311339564249149
-0.000313899845446634
-0.000316941738241592
-0.000320468387533793
-0.000324480991309853
-0.000328978788938082
-0.000333959057217671
-0.000339417114222300
-0.000345346330947338
-0.000351738150738661
-0.000358582116450069
-0.000365865905245276
-0.000373575370929723
-0.000381694593667082
-0.000390205936905428
-0.000399090111308803
-0.000408326245461292
-0.000417891963083069
-0.000427763466471081
-0.000437915625851369
-0.000448322074305478
-0.000458955307910196
-0.000469786790707952
-0.000480787064104802
-0.000491925860274063
-0.000503172219126394
-0.000514494608391613
-0.000525861046343716
-0.000537239226688661
-0.000548596645124389
-0.000559900727074415
-0.000571118956090155
-0.000582219002412956
-0.000593168851184683
-0.000603936929795504
-0.000614492233859515
-0.000624804451312725
-0.000634844084133936
-0.000644582567197017
-0.000653992383773044
-0.000663047177212712
-0.000671721858353210
-0.000679992708209491
-0.000687837475527297
-0.000695235468794566
-0.000702167642328704
-0.000708616676079685
-0.000714567048812939
-0.000720005104361326
-0.000724919110662225
-0.000729299311323671
-0.000733137969492460
-0.000736429403827148
-0.000739170016409757
-0.000741358312461585
-0.000742994911760810
-0.000744082551692278
-0.000744626081893034
-0.000744632450490481
-0.000744110681963532
-0.000743071846690584
-0.000741529022281383
-0.000739497246822895
-0.000736993464201825
-0.000734036461698471
-0.000730646800077894
-0.000726846736434952
-0.000722660140079255
-0.000718112401774721
-0.000713230336675653
-0.000708042081327416
-0.000702576985124422
-0.000696865496641304
-0.000690939045274782
-0.000684829918653574
-0.000678571136291909
-0.000672196319978414
-0.000665739561406607
-0.000659235287565561
-0.000652718124419714
-0.000646222759415105
-0.000639783803355421
-0.000633435652195378
-0.000627212349300701
-0.000621147448723736
-0.000615273880041155
-0.000609623815295545
-0.000604228538575797
-0.000599118318762202
-0.000594322285951003
-0.000589868312059963
-0.000585782896101234
-0.000582091054590587
-0.000578816217542938
-0.000575980130483074
-0.000573602762877769
-0.000571702223371027
-0.000570294682178154
-0.000569394300966884
-0.000569013170524864
-0.000569161256482652
-0.000569846353330083
-0.000571074046931475
-0.000572847685711941
-0.000575168360653002
-0.000578034894201065
-0.000581443838157116
-0.000585389480580476
-0.000589863861703671
-0.000594856798819620
-0.000600355920066570
-0.000606346707000579
-0.000612812545810146
-0.000619734786992779
-0.000627092813279164
-0.000634864115557258
-0.000643024376516089
-0.000651547561697635
-0.000660406017614863
-0.000669570576564970
-0.000679010667739277
-0.000688694434205118
-0.000698588855310603
-0.000708659874040345
-0.000718872528829357
-0.000729191089323234
-0.000739579195555755
-0.000749999999999999
-0.000760416311936262
-0.000770790743569341
-0.000781085857319359
-0.000791264313704068
-0.000801289019226744
-0.000811123273682209
-0.000820730916294292
-0.000830076470101181
-0.000839125284010524
-0.000847843671953942
-0.000856199048580643
-0.000864160060942120
-0.000871696715634472
-0.000878780500881524
-0.000885384503060723
-0.000891483517194585
-0.000897054150953227
-0.000902074921738147
-0.000906526346443800
-0.000910391023521602
-0.000913653707000624
-0.000916301372150324
-0.000918323272503067
-0.000919710987987842
-0.000920458463961232
-0.000920562040957373
-0.000920020475015041
-0.000918834948477106
-0.000917009071195203
-0.000914548872110421
-0.000911462781218989
-0.000907761601970167
-0.000903458474181714
-0.000898568827596180
-0.000893110326238783
-0.000887102803774604
-0.000880568190099064
-0.000873530429431124
-0.000866015390213037
-0.000858050767153829
-0.000849665975785764
-0.000840892039933664
-0.000831761472526199
-0.000822308150205679
-0.000812567182218786
-0.000802574774094476
-0.000792368086637352
-0.000781985090784684
-0.000771464418893042
-0.000760845213036123
-0.000750166970908630
-0.000739469389942070
-0.000728792210246916
-0.000718175057001754
-0.000707657282913785
-0.000697277811376252
-0.000687074980947189
-0.000677086391770105
-0.000667348754551091
-0.000657897742698103
-0.000648767848217172
-0.000639992241946761
-0.000631602638695681
-0.000623629167831920
-0.000616100249849328
-0.000609042479416740
-0.000602480515389494
-0.000596436978236886
-0.000590932355310679
-0.000585984914349731
-0.000581610625583973
-0.000577823092767761
-0.000574633493437886
-0.000572050528655662
-0.000570080382455404
-0.000568726691183637
-0.000567990522874526
-0.000567870366767470
-0.000568362133032844
-0.000569459162731411
-0.000571152247992417
-0.000573429662354700
-0.000576277201174713
-0.000579678231965088
-0.000583613754487676
-0.000588062470385781
-0.000593000862101965
-0.000598403280790304
-0.000604242042895554
-0.000610487535036557
-0.000617108326797292
-0.000624071290996754
-0.000631341730978031
-0.000638883514428092
-0.000646659213212639
-0.000654630248685356
-0.000662757041907836
-0.000670999168195665
-0.000679315515387619
-0.000687664445218705
-0.000696003957164054
-0.000704291854109343
-0.000712485909194725
-0.000720544033173009
-0.000728424441619331
-0.000736085821328562
-0.000743487495238389
-0.000750589585220361
-0.000757353172088103
-0.000763740452181484
-0.000769714889897574
-0.000775241365553974
-0.000780286317987103
-0.000784817881307650
-0.000788806015257213
-0.000792222628634290
-0.000795041695284093
-0.000797239362174996
-0.000798794049114783
-0.000799686539691985
-0.000799900063061525
-0.000799420366229338
-0.000798235776527567
-0.000796337254010177
-0.000793718433538229
-0.000790375656364425
-0.000786307991067835
-0.000781517243731601
-0.000776007957298893
-0.000769787400085194
-0.000762865543467961
-0.000755255028817750
-0.000746971123777670
-0.000738031668040635
-0.000728457008815798
-0.000718269926216990
-0.000707495548846438
-0.000696161259886601
-0.000684296594051301
-0.000671933125784394
-0.000659104349129852
-0.000645845549731051
-0.000632193669449407
-0.000618187164122780
-0.000603865855012530
-0.000589270774514309
-0.000574444006731734
-0.000559428523533802
-0.000544268016736162
-0.000529006727063226
-0.000513689270562204
-0.000498360463151886
-0.000483065143997734
-0.000467847998411183
-0.000452753380974313
-0.000437825139591834
-0.000423106441170083
-0.000408639599617844
-0.000394465906856149
-0.000380625467513656
-0.000367157037971224
-0.000354097870403309
-0.000341483562445558
-0.000329347913096883
-0.000317722785440974
-0.000306637976746388
-0.000296121096476268
-0.000286197452708571
-0.000276889947435319
-0.000268218981175270
-0.000260202367298278
-0.000252855256422066
-0.000246190071202842
-0.000240216451800710
-0.000234941212259081
-0.000230368307994454
-0.000226498814549358
-0.000223330917716821
-0.000220859915099911
-0.000219078229124619
-0.000217975431478999
-0.000217538278906075
-0.000217750760232829
-0.000218594154472785
-0.000220047099795405
-0.000222085673111994
-0.000224683479985148
-0.000227811754527227
-0.000231439468912990
-0.000235533452092613
-0.000240058517253931
-0.000244977597547120
-0.000250251889551185
-0.000255841003929877
-0.000261703122694935
-0.000267795162467155
-0.000274072943100694
-0.000280491361013442
-0.000287004566546222
-0.000293566144656201
-0.000300129298235244
-0.000306647033331981
-0.000313072345547383
-0.000319358406867412
-0.000325458752193079
-0.000331327464827873
-0.000336919360185154
-0.000342190166983611
-0.000347096705207336
-0.000351597060118416
-0.000355650751624084
-0.000359218898317503
-0.000362264375530920
-0.000364751966762376
-0.000366648507862028
-0.000367923023391694
-0.000368546854600959
-0.000368493778495367
-0.000367740117506427
-0.000366264839309412
-0.000364049646373131
-0.000361079054865625
-0.000357340462581288
-0.000352824205597645
-0.000347523603414225
-0.000341434992371058
-0.000334557747190400
-0.000326894290532108
-0.000318450090500331
-0.000309233646086869
-0.000299256460584343
-0.000288533003050086
-0.000277080657949205
-0.000264919663152393
-0.000252073036510602
-0.000238566491274419
-0.000224428340670759
-0.000209689391993107
-0.000194382830603839
-0.000178544094287931
-0.000162210738436524
-0.000145422292576112
-0.000128220108794464
-0.000110647202647630
-9.27480871633531e-05
-7.45686005848039e-05
-5.61557285246564e-05
-3.75574212230217e-05
-1.88224066235512e-05
-7.34788079488412e-19
1.88600891192911e-05
3.77079519694051e-05
5.64936767404525e-05
7.51675451678129e-05
9.36802287428806e-05
0.000111982983766111
0.000130027844467297
0.000147767813424113
0.000165157048519122
0.000182151045687686
0.000198706816724451
0.000214783061434234
0.000230340333434119
0.000245341198937383
0.000259750387876407
0.000273534936750843
0.000286664322618860
0.000299110587683286
0.000310848453960698
0.000321855427559802
0.000332111892135686
0.000341601191128644
0.000350309698439897
0.000358226877241765
0.000365345326666235
0.000371660816163432
0.000377172307369972
0.000381881963376402
0.000385795145332596
0.000388920396380098
0.000391269412950595
0.000392857003519854
0.000393701034956350
0.000393822366653222
0.000393244772681035
0.000391994852246703
0.000390101928790826
0.000387597938101421
0.000384517305866205
0.000380896815128284
0.000376775464151030
0.000372194315236870
0.000367196335081626
0.000361826227280649
0.000356130257635358
0.000350156072938484
0.000343952513943452
0.000337569423247812
0.000331057448842030
0.000324467844093696
0.000317852264952665
0.000311262565175253
0.000304750590374901
0.000298367971712879
0.000292165920045670
0.000286195021345285
0.000280505034205305
0.000275144690238698
0.000270161498163564
0.000265601552359754
0.000261509346663134
0.000257927594144901
0.000254897053601080
0.000252456363452096
0.000250641883724178
0.000249487546753736
0.000249024717222323
0.000249282062094085
0.000250285430989313
0.000252057747487464
0.000254618911810554
0.000257985715293569
0.000262171767002654
0.000267187432814300
0.000273039787220013
0.000279732578070957
0.000287266204426284
0.000295637707617121
0.000304840775586147
0.000314865760510100
0.000325699709660044
0.000337326409401603
0.000349726442185166
0.000362877256324327
0.000376753248309789
0.000391325857355812
0.000406563671827295
0.000422432547147809
0.000438895734742768
0.000455914021527344
0.000473445879406002
0.000491447624210009
0.000509873583460748
0.000528676272310666
0.000547806576979970
0.000567213944976391
0.000586846581357157
0.000606651650266924
0.000626575480963222
0.000646563777521722
0.000666561831397679
0.000686514736006954
0.000706367602480605
0.000726065775740845
0.000745555050043400
0.000764781883131759
0.000783693608152847
0.000802238642491037
0.000820366692687995
0.000838028954629973
0.000855178308201344
0.000871769505623763
0.000887759352723885
0.000903106882399237
0.000917773519581485
0.000931723237028675
0.000944922701313315
0.000957341408410706
0.000968951808332177
0.000979729418290246
0.000989652923927257
0.000998704268185484
0.00100686872744490
0.00101413497460458
0.00102049512883487
0.00102594479177970
0.00103048307004189
0.00103411258383795
0.00103683946176402
0.00103867332166890
0.00103962723768564
0.00103971769352776
0.00103896452221093
0.00103739083241488
0.00103502292175368
0.00103189017727487
0.00102802496355891
0.00102346249884040
0.00101824071962060
0.00101240013428708
0.00100598366630096
0.000999036487554373
0.000991605842540816
0.000983740864018546
0.000975492380882030
0.000966912718988605
0.000958055495716707
0.000948975409058131
0.000939728022069914
0.000930369543531190
0.000920956605666844
0.000911546039812981
0.000902194650908777
0.000892958991705558
0.000883895137586507
0.000875058462889660
0.000866503419622281
0.000858283319446844
0.000850450119807448
0.000843054215050482
0.000836144233375136
0.000829766840427606
0.000823966550328061
0.000818785544891206
0.000814263501770232
0.000810437432219777
0.000807341529136722
0.000805007025997944
0.000803462067272124
0.000802731590838255
0.000802837222896816
0.000803797185810960
0.000805626219264593
0.000808335515072143
0.000811932665921332
0.000816421628275556
0.000821802699606794
0.000828072510073506
0.000835224028700979
0.000843246584064246
0.000852125899416254
0.000861844142146697
0.000872379987399963
0.000883708695624288
0.000895802203768656
0.000908629229789504
0.000922155390075980
0.000936343329350677
0.000951152862552675
0.000966541128161409
0.000982462752373728
0.000998870023502432
0.00101571307592317
0.00103294008285762
0.00105049745724468
0.00106833005991803
0.00108638141427840
0.00110459392662169
0.00112290911126023
0.00114126781955418
0.00115961047195312
0.00117787729213432
0.00119600854231460
0.00121394475880622
0.00123162698688508
0.00124899701404036
0.00126599760067985
0.00128257270737357
0.00129866771773070
0.00131422965602042
0.00132920739866665
0.00134355187876970
0.00135721628283375
0.00137015623890887
0.00138232999538869
0.00139369858974101
0.00140422600648678
0.00141387932378474
0.00142262884802298
0.00143044823586502
0.00143731460324691
0.00144320862087278
0.00144811459580875
0.00145202053882967
0.00145491821722904
0.00145680319285930
0.00145767484522803
0.00145753637953445
0.00145639481958984
0.00145426098562542
0.00145114945705113
0.00144707852028828
0.00144207010185832
0.00143614968696882
0.00142934622389542
0.00142169201451514
0.00141322259140215
0.00140397658195058
0.00139399556004128
0.00138332388581959
0.00137200853419903
0.00136009891275154
0.00134764666968799
0.00133470549267284
0.00132133089925470
0.00130758001972847
0.00129351137327655
0.00127918463826401
0.00126466041758774
0.00125000000000000
0.00123526511834480
0.00122051770565868
0.00120581965009797
0.00119123254966031
0.00117681746767088
0.00116263469000219
0.00114874348499094
0.00113520186700638
0.00112206636461149
0.00110939179424192
0.00109723104030688
0.00108563484259249
0.00107465159182033
0.00106432713418325
0.00105470458564603
0.00104582415676122
0.00103772298870988
0.00103043500123399
0.00102399075308066
0.00101841731553042
0.00101373815953045
0.00100997305690076
0.00100713799602651
0.00100524511239258
0.00100430263425880
0.00100431484371434
0.00100528205328955
0.00100720059824207
0.00101006284457232
0.00101385721276116
0.00101856821716034
0.00102417652090432
0.00103065900615032
0.00103798885939264
0.00104613567153693
0.00105506555236161
0.00106474125893572
0.00107512233750687
0.00108616527831854
0.00109782368276448
0.00111004844223772
0.00112278792798471
0.00113598819123026
0.00114959317279760
0.00116354492140853
0.00117778381981339
0.00119224881786827
0.00120687767164785
0.00122160718765715
0.00123637347118370
0.00125111217781390
0.00126575876712330
0.00128024875754033
0.00129451798137689
0.00130850283901712
0.00132214055125720
0.00133536940879500
0.00134812901787825
0.00136036054113330
0.00137200693261424
0.00138301316613385
0.00139332645596249
0.00140289646901032
0.00141167552764023
0.00141961880229505
0.00142668449316126
0.00143283400013397
0.00143803208039287
0.00144224699294705
0.00144545062955707
0.00144761863149558
0.00144873049166341
0.00144876964163468
0.00144772352326408
0.00144558364454959
0.00144234561950594
0.00143800919186703
0.00143257824249916
0.00142606078047124
0.00141846891779285
0.00140981882789546
0.00140013068799676
0.00138942860555196
0.00137774052905918
0.00136509814354838
0.00135153675114441
0.00133709513715444
0.00132181542218781
0.00130574290087263
0.00128892586778709
0.00127141543127521
0.00125326531586545
0.00123453165405687
0.00121527276828082
0.00119554894388615
0.00117542219403264
0.00115495601741078
0.00113421514973571
0.00111326530998926
0.00109217294240618
0.00107100495521891
0.00104982845718964
0.00102871049296879
0.00100771777832493
0.000986916436293451
0.000966371735289175
0.000946147830221670
0.000926307507641991
0.000906911935934790
0.000888020421551525
0.000869690172257933
0.000851976068342617
0.000834930442703453
0.000818602870694812
0.000803039970581218
0.000788285215402282
0.000774378757009865
0.000761357262991280
0.000749253767142482
0.000738097534102461
0.000727913938704970
0.000718724360546258
0.000710546094208019
0.000703392275513468
0.000697271824131504
0.000692189402779758
0.000688145393212005
0.000685135889109217
0.000683152705926878
0.000682183407684129
0.000682211350613325
0.000683215743521650
0.000685171724650152
0.000688050454750046
0.000691819226031396
0.000696441586576151
0.000701877479745620
0.000708083398052583
0.000715012550910090
0.000722615045613373
0.000730838080857999
0.000739626152046735
0.000748921267589912
0.000758663175359439
0.000768789598415291
0.000779236479085238
0.000789938230444317
0.000800827994209833
0.000811837904041018
0.000822899353209462
0.000833943265587789
0.000844900368889450
0.000855701469081963
0.000866277724889856
0.000876560921301604
0.000886483740997323
0.000895980032620613
0.000904985074828894
0.000913435835071849
0.000921271222066862
0.000928432330963882
0.000934862680219611
0.000940508439232353
0.000945318645824042
0.000949245412694887
0.000952244122018408
0.000954273607390489
0.000955296322394843
0.000955278495099333
0.000954190267852260
0.000952005821804898
0.000948703485646343
0.000944265828098324
0.000938679733781371
0.000931936462128856
0.000924031689092131
0.000914965531447665
0.000904742553585647
0.000893371756728655
0.000880866550598470
0.000867244707618513
0.000852528299808652
0.000836743618597762
0.000819921077847373
0.000802095100446521
0.000783303988903430
0.000763589780423536
0.000742998087025444
0.000721577921306369
0.000699381508526169
0.000676464085734204
0.000652883688715446
0.000628700927581664
0.000603978751879339
0.000578782206128813
0.000553178176748319
0.000527235131351808
0.000501022851441066
0.000474612159540139
0.000448074641843674
0.000421482367469748
0.000394907605422785
0.000368422540382875
0.000342098988443806
0.000316008113923969
0.000290220148371451
0.000264804112877729
0.000239827544802610
0.000215356229997184
0.000191453941591289
0.000168182186387526
0.000145599959875137
0.000123763510844347
0.000102726116545146
8.25378692940780e-05
6.32454753885440e-05
4.48920671405466e-05
2.75170287911265e-05
1.11558370127476e-05
-4.16008334975774e-06
-1.84034877085244e-05
-3.15514238029194e-05
-4.35853269453870e-05
-5.44910980433946e-05
-6.42591640656603e-05
-7.28845206897886e-05
-8.03667569386179e-05
-8.67100616835049e-05
-9.19232119643638e-05
-9.60195431481960e-05
-9.90169010195969e-05
-0.000100937575968429
-0.000101808219510800
-0.000101659743449794
-0.000100527202051366
-9.84496576785596e-05
-9.54700303932757e-05
-9.16349320988138e-05
-8.69944858584115e-05
-8.16021310844801e-05
-7.55144153500368e-05
-6.87907736277365e-05
-6.14932958127579e-05
-5.36864834333003e-05
-4.54369964963067e-05
-3.68133914564935e-05
-2.78858513330003e-05
-1.87259090306048e-05
-9.40616495051525e-06
-2.68271926689661e-18
9.41871487039476e-06
1.87759114579218e-05
2.79976182722096e-05
3.70102545124096e-05
4.57409228942743e-05
5.41177001677034e-05
6.20699241726891e-05
6.95284762939849e-05
7.64260581912840e-05
8.26974617030630e-05
8.82798308475882e-05
9.31129148746006e-05
9.71393113550945e-05
0.000100304698334683
0.000102558054618060
0.000103851867297768
0.000104142325689740
0.000103389500890739
0.000101557510228743
9.86146659359855e-05
9.45336074359690e-05
8.92914166997940e-05
8.28697161933103e-05
7.52547490049046e-05
6.64374408136498e-05
5.64134434289159e-05
4.51831597050977e-05
3.27517497084668e-05
1.91291180872442e-05
4.32988267015784e-06
-1.16266756068831e-05
-2.87166812724814e-05
-4.69117511427775e-05
-6.61790990764142e-05
-8.64816582705793e-05
-0.000107778220637528
-0.000130023592732576
-0.000153168767638822
-0.000177161112149480
-0.000201944568527795
-0.000227459870065563
-0.000253644769606050
-0.000280434280144356
-0.000307760926569723
-0.000335555007568747
-0.000363744866667207
-0.000392257171350511
-0.000421017199169742
-0.000449949129710982
-0.000478976341281166
-0.000508021711143368
-0.000537007918119150
-0.000565857746364446
-0.000594494389119560
-0.000622841751232034
-0.000650824749255018
-0.000678369607931148
-0.000705404151885340
-0.000731858091366836
-0.000757663300903347
-0.000782754089756246
-0.000807067463097177
-0.000830543372861502
-0.000853124957273650
-0.000874758768082789
-0.000895394984594828
-0.000914987613637604
-0.000933494674650812
-0.000950878369149856
-0.000967105233873843
-0.000982146276991399
-0.000995977096804367
-0.00100857798245773
-0.00101993399623493
-0.00103003503708978
-0.00103887588514006
-0.00104645622692274
-0.00105278066128687
-0.00105785868587610
-0.00106170466422998
-0.00106433777360962
-0.00106578193372965
-0.00106606571665430
-0.00106522223819008
-0.00106328903118120
-0.00106030790118595
-0.00105632476508262
-0.00105138947322149
-0.00104555561580553
-0.00103888031424561
-0.00103142399829618
-0.00102325016983494
-0.00101442515420372
-0.00100501784007805
-0.000995099408879758
-0.000984743054789325
-0.000974023696453241
-0.000963017681515937
-0.000951802485135530
-0.000940456403667958
-0.000929058244724569
-0.000917687014824144
-0.000906421605871326
-0.000895340481699659
-0.000884521365918669
-0.000874040932300761
-0.000863974498935384
-0.000854395727364333
-0.000845376327893977
-0.000836985772257217
-0.000829291014770451
-0.000822356223098534
-0.000816242519704171
-0.000811007735017250
-0.000806706173314588
-0.000803388392251499
-0.000801100996933692
-0.000799886449361816
-0.000799782894020980
-0.000800824000324847
-0.000803038822557991
-0.000806451677891981
-0.000811082042979726
-0.000816944469559830
-0.000824048519428140
-0.000832398719057422
-0.000841994534068788
-0.000852830363680253
-0.000864895555178989
-0.000878174438384678
-0.000892646379992247
-0.000908285857603630
-0.000925062553180035
-0.000942941465569052
-0.000961883041685193
-0.000981843325848027
-0.00100277412670987
-0.00102462320113451
-0.00104733445432090
-0.00107084815540037
-0.00109510116767401
-0.00112002719259805
-0.00114555702656905
-0.00117161882950988
-0.00119813840420865
-0.00122503948531966
-0.00125224403689549
-0.00127967255728441
-0.00130724439019687
-0.00133487804071866
-0.00136249149502762
-0.00139000254255443
-0.00141732909931701
-0.00144438953115155
-0.00147110297556251
-0.00149738966091743
-0.00152317122172169
-0.00154837100872200
-0.00157291439260669
-0.00159672906009444
-0.00161974530123184
-0.00164189628675347
-0.00166311833439629
-0.00168335116310202
-0.00170253813408842
-0.00172062647782053
-0.00173756750596783
-0.00175331680749143
-0.00176783442806726
-0.00178108503211583
-0.00179303804677761
-0.00180366778724291
-0.00181295356291902
-0.00182087976399166
-0.00182743592801552
-0.00183261678624667
-0.00183642228950972
-0.00183885761347292
-0.00183993314328621
-0.00183966443761808
-0.00183807217220925
-0.00183518206314173
-0.00183102477010286
-0.00182563578000270
-0.00181905527138187
-0.00181132796012286
-0.00180250292705287
-0.00179263342809809
-0.00178177668771935
-0.00176999367642600
-0.00175734887322873
-0.00174391001395261
-0.00172974782638863
-0.00171493575331523
-0.00169954966447052
-0.00168366755860062
-0.00166736925675053
-0.00165073608799951
-0.00163385056887457
-0.00161679607770176
-0.00159965652517691
-0.00158251602245350
-0.00156545854805679
-0.00154856761493983
-0.00153192593899733
-0.00151561511034985
-0.00149971526870073
-0.00148430478405409
-0.00146945994406218
-0.00145525464924594
-0.00144176011730257
-0.00142904459767994
-0.00141717309755781
-0.00140620712033265
-0.00139620441765435
-0.00138721875601073
-0.00137929969879977
-0.00137249240476881
-0.00136683744363671
-0.00136237062964781
-0.00135912287373649
-0.00135712005490833
-0.00135638291136875
-0.00135692695185230
-0.00135876238752661
-0.00136189408476420
-0.00136632153899276
-0.00137203886975198
-0.00137903483700090
-0.00138729287863592
-0.00139679116909583
-0.00140750269884642
-0.00141939537445480
-0.00143243213888148
-0.00144657111153823
-0.00146176574758079
-0.00147796501582891
-0.00149511359463213
-0.00151315208492757
-0.00153201723966741
-0.00155164220872804
-0.00157195679835064
-0.00159288774410438
-0.00161435899630877
-0.00163629201680135
-0.00165860608589067
-0.00168121861829302
-0.00170404548681419
-0.00172700135250603
-0.00175000000000000
-0.00177295467669826
-0.00179577843448602
-0.00181838447261731
-0.00184068648042034
-0.00186259897846746
-0.00188403765685973
-0.00190491970928543
-0.00192516416152754
-0.00194469219311530
-0.00196342745084071
-0.00198129635289160
-0.00199822838238847
-0.00201415636915278
-0.00202901675857985
-0.00204274986653879
-0.00205530011927629
-0.00206661627735900
-0.00207665164275136
-0.00208536424819126
-0.00209271702809511
-0.00209867797029586
-0.00210322024799271
-0.00210632233136861
-0.00210796807841141
-0.00210814680455637
-0.00210685333085090
-0.00210408801042694
-0.00209985673315205
-0.00209417090841626
-0.00208704742609814
-0.00207850859583997
-0.00206858206484762
-0.00205730071451596
-0.00204470253626478
-0.00203083048705252
-0.00201573232511634
-0.00199946042656547
-0.00198207158353154
-0.00196362678465288
-0.00194419097874096
-0.00192383282254400
-0.00190262441358728
-0.00188064100912923
-0.00185796073232870
-0.00183466426677072
-0.00181083454054482
-0.00178655640111333
-0.00176191628224419
-0.00173700186431613
-0.00171190172933128
-0.00168670501199307
-0.00166150104822395
-0.00163637902250958
-0.00161142761546165
-0.00158673465299302
-0.00156238675849319
-0.00153846900938237
-0.00151506459940638
-0.00149225450801350
-0.00147011717812786
-0.00144872820360210
-0.00142816002759548
-0.00140848165308152
-0.00138975836664263
-0.00137205147665832
-0.00135541806693725
-0.00133991076678423
-0.00132557753842868
-0.00131246148267415
-0.00130060066355672
-0.00129002795272645
-0.00128077089418839
-0.00127285158996023
-0.00126628660712127
-0.00126108690664377
-0.00125725779431153
-0.00125479889394409
-0.00125370414305669
-0.00125396181099767
-0.00125555453951624
-0.00125845940562469
-0.00126264800653102
-0.00126808656633043
-0.00127473606405752
-0.00128255238261663
-0.00129148647802428
-0.00130148456831698
-0.00131248834139926
-0.00132443518103090
-0.00133725841008008
-0.00135088755009966
-0.00136524859621855
-0.00138026430627819
-0.00139585450308697
-0.00141193638861221
-0.00142842486888081
-0.00144523288831614
-0.00146227177219999
-0.00147945157591485
-0.00149668143959365
-0.00151386994678103
-0.00153092548569308
-0.00154775661165044
-0.00156427240925381
-0.00158038285287001
-0.00159599916400211
-0.00161103416412799
-0.00162540262160773
-0.00163902159128264
-0.00165181074541577
-0.00166369269465666
-0.00167459329775116
-0.00168444195876011
-0.00169317191059891
-0.00170072048376266
-0.00170702935915888
-0.00171204480403160
-0.00171571789002637
-0.00171800469251499
-0.00171886647037243
-0.00171826982547430
-0.00171618684126298
-0.00171259519981229
-0.00170747827690512
-0.00170082521472478
-0.00169263097184893
-0.00168289635032420
-0.00167162799969014
-0.00165883839791197
-0.00164454580927292
-0.00162877421936803
-0.00161155324743198
-0.00159291803632317
-0.00157290912057529
-0.00155157227301444
-0.00152895833052511
-0.00150512299963160
-0.00148012664264179
-0.00145403404517762
-0.00142691416599159
-0.00139883987003878
-0.00136988764584210
-0.00134013730825053
-0.00130967168775006
-0.00127857630754050
-0.00124693904964189
-0.00121484981133791
-0.00118240015330418
-0.00114968294080309
-0.00111679197935570
-0.00108382164632492
-0.00105086651986130
-0.00101802100667518
-0.000985378970104973
-0.000953033359951458
-0.000921075845543091
-0.000889596453485499
-0.000858683211531779
-0.000828421799987225
-0.000798895212034163
-0.000770183424328220
-0.000742363079178874
-0.000715507179581985
-0.000689684798323235
-0.000664960802316359
-0.000641395593281749
-0.000619044865806987
-0.000597959383763661
-0.000578184775983004
-0.000559761352017957
-0.000542723938740491
-0.000527101738441662
-0.000512918209017405
-0.000500190966736545
-0.000488931711998627
-0.000479146178398835
-0.000470834105325364
-0.000463989234222017
-0.000458599328555143
-0.000454646217430662
-0.000452105862713156
-0.000450948449406155
-0.000451138498960406
-0.000452635005086046
-0.000455391591555196
-0.000459356691394036
-0.000464473746778262
-0.000470681428863292
-0.000477913876701052
-0.000486100954318792
-0.000495168524962680
-0.000505038741440026
-0.000515630351429427
-0.000526859016567453
-0.000538637644065239
-0.000550876729557169
-0.000563484709838489
-0.000576368324107788
-0.000589432982295664
-0.000602583139031145
-0.000615722671773880
-0.000628755261621878
-0.000641584775292799
-0.000654115646770355
-0.000666253257107297
-0.000677904310882135
-0.000688977207818544
-0.000699382408093846
-0.000709032789886519
-0.000717843997741765
-0.000725734780369229
-0.000732627316526961
-0.000738447527691795
-0.000743125376266914
-0.000746595148133558
-0.000748795718414155
-0.000749670799379613
-0.000749169169502978
-0.000747244882734938
-0.000743857457154170
-0.000738972042225994
-0.000732559563986639
-0.000724596847556918
-0.000715066716478184
-0.000703958068454455
-0.000691265927177469
-0.000676991470005547
-0.000661142031362485
-0.000643731081818338
-0.000624778182910204
-0.000604308917856862
-0.000582354798416773
-0.000558953148233236
-0.000534146963104012
-0.000507984748704104
-0.000480520336380322
-0.000451812677723201
-0.000421925618706779
-0.000390927654267981
-0.000358891664275741
-0.000325894631914350
-0.000292017345576227
-0.000257344085425341
-0.000221962295854503
-0.000185962245116468
-0.000149436673461114
-0.000112480431157207
-7.51901078192384e-05
-3.76636544949696e-05
-2.93915231795365e-18
